[
  [
    402,
    2139
  ],
  [
    [
      [
        [
          "4346506914053"
        ],
        "tb:51393504",
        "NimNOTNymph",
        "US",
        3,
        9,
        1,
        226,
        40,
        16,
        80843119,
        [
          "4346506903589"
        ],
        662040,
        "LGA",
        0,
        [
          146,
          581,
          491
        ],
        [
          "4346539379500"
        ],
        26669,
        1760954,
        [],
        [
          [
            29,
            1
          ],
          [
            119,
            1
          ],
          [
            121,
            1
          ],
          [
            127,
            1
          ],
          [
            137,
            1
          ],
          [
            161,
            11
          ],
          [
            162,
            8
          ],
          [
            165,
            1
          ],
          [
            331,
            1
          ],
          [
            333,
            1
          ]
        ],
        "",
        [
          0
        ]
      ]
    ]
  ]
]