=== PACKET #480 ===
URL: https://game-us17.totalbattle.com/rubens-realm146
Opcode: 1001
Status: 200
Size: 887 bytes

=== REQUEST ===
Method: POST

=== RESPONSE ===
Decoded:
[
  [
    1001, //cofre bono
    1103
  ],
  [
    [
      {
        "7800": 1,
        "7801": 1,
        "7802": 1,
        "7803": 1,
        "7804": 1,
        "100023": 1
      },
      {},
      [],
      [],
      [],
      [],
      0,
      0,
      0,
      {},
      [],
      {},
      0,
      [],
      0,
      {},
      483366,
      41,
      0,
      0,
      0,
      [
        {
          "type": "Buffer",
          "data": [
            105,
            214,
            38,
            176,
            63,
            2,
            3,
            213,
            91,
            9,
            76,
            28
          ]
        },
        4753,
        1776075854,
        400003
      ],
      [
        [],
        [],
        [
          [
            [
              18,
              24
            ],
            0
          ]
        ]
      ],
      49,
      0,
      0,
      0,
      [
        {
          "type": "Buffer",
          "data": [
            105,
            214,
            38,
            176,
            63,
            2,
            3,
            213,
            91,
            9,
            76,
            28
          ]
        },
        4754,
        1776075854,
        400001
      ],
      [
        [
          713018390720
        ],
        2,
        483366
      ],
      [
        0,
        0
      ],
      0,
      [
        {
          "type": "Buffer",
          "data": [
            105,
            214,
            38,
            148,
            63,
            2,
            3,
            213,
            91,
            7,
            205,
            36
          ]
        },
        105518,
        1776075854,
        100002
      ],
      [
        [
          [
            713018390720
          ],
          [
            0
          ],
          [
            712964889398
          ],
          2,
          [
            712964571156
          ],
          0,
          483366,
          146,
          0,
          0,
          0,
          0,
          0,
          39,
          9,
          0,
          0,
          [
            146,
            448,
            478
          ],
          [
            146,
            448,
            478
          ],
          0,
          0,
          0,
          0,
          0,
          0,
          0,
          [
            0,
            0,
            0,
            0
          ],
          0,
          0,
          [
            0,
            0,
            0,
            [
              0
            ],
            null,
            ""
          ],
          0,
          0,
          0,
          [
            0
          ],
          [
            0
          ],
          0,
          0,
          0,
          0,
          true,
          1729348812,
          null,
          40,
          0,
          0,
          0,
          [
            {
              "type": "Buffer",
              "data": [
                105,
                214,
                38,
                137,
                63,
                2,
                3,
                213,
                91,
                7,
                89,
                16
              ]
            },
            82095,
            1776075853,
            300021
          ],
          [
            360802
          ],
          40,
          0,
          0,
          0,
          [
            {
              "type": "Buffer",
              "data": [
                105,
                214,
                38,
                137,
                63,
                2,
                3,
                213,
                91,
                7,
                89,
                16
              ]
            },
            82096,
            1776075853,
            300021
          ],
          [
            360803
          ],
          53,
          0,
          0,
          0,
          [
            {
              "type": "Buffer",
              "data": [
                105,
                214,
                38,
                172,
                63,
                2,
                3,
                213,
                91,
                9,
                15,
                170
              ]
            },
            132402,
            1776075853,
            500001
          ],
          [
            [
              713013279003
            ],
            4098,
            5627074
          ],
          [
            0,
            0,
            0,
            [
              {
                "type": "Buffer",
                "data": [
                  105,
                  214,
                  38,
                  176,
                  63,
                  2,
                  3,
                  213,
                  91,
                  9,
                  75,
                  221
                ]
              },
              146880,
              1776075853,
              100002
            ],
            [
              [
                [
                  713013279003
                ],
                [
                  0
                ],
                [
                  0
                ],
                10001,
                [
                  712964571156
                ],
                0,
                5627074,
                0,
                0,
                0,
                0,
                0,
                0,
                25,
                76,
                0,
                0,
                [
                  146,
                  461,
                  441
                ],
                [
                  146,
                  461,
                  441
                ],
                0,
                0,
                0,
                0,
                0,
                1763322115,
                0,
                [
                  1776075806,
                  1787464,
                  1000000,
                  25
                ],
                0,
                0,
                [
                  0,
                  0,
                  0,
                  [
                    0
                  ],
                  null,
                  ""
                ],
                0,
                0,
                0,
                [
                  0
                ],
                [
                  0
                ],
                0,
                0,
                0,
                0,
                false,
                0,
                null,
                [
                  0,
                  0,
                  0,
                  [
                    {
                      "type": "Buffer",
                      "data": [
                        105,
                        214,
                        38,
                        148,
                        63,
                        2,
                        3,
                        213,
                        91,
                        7,
                        205,
                        77
                      ]
                    },
                    337198,
                    1776075853,
                    100002
                  ],
                  [
                    [
                      [
                        627367714426
                      ],
                      [
                        0
                      ],
                      [
                        523986022341
                      ],
                      1,
                      [
                        627065226477
                      ],
                      0,
                      3,
                      146,
                      0,
                      0,
                      0,
                      20,
                      0,
                      0,
                      0,
                      0,
                      5,
                      [
                        146,
                        398,
                        482
                      ],
                      [
                        146,
                        383,
                        475
                      ],
                      2,
                      1,
                      1776075853,
                      1776076054,
                      0,
                      1776075853,
                      0,
                      [
                        0,
                        0,
                        0,
                        0
                      ],
                      1,
                      7,
                      [
                        0,
                        0,
                        0,
                        [
                          0
                        ],
                        null,
                        ""
                      ],
                      0,
                      0,
                      98,
                      [
                        0
                      ],
                      [
                        0
                      ],
                      0,
                      0,
                      0,
                      0,
                      false,
                      0,
                      null,
                      [
                        0,
                        0,
                        0,
                        [
                          {
                            "type": "Buffer",
                            "data": [
                              105,
                              214,
                              38,
                              148,
                              63,
                              2,
                              3,
                              213,
                              91,
                              7,
                              205,
                              77
                            ]
                          },
                          337202,
                          1776075854,
                          100002
                        ],
                        [
                          [
                            [
                              627240647412
                            ],
                            [
                              0
                            ],
                            [
                              0
                            ],
                            10001,
                            [
                              627065226477
                            ],
                            0,
                            4206536,
                            0,
                            0,
                            0,
                            0,
                            0,
                            0,
                            25,
                            76,
                            0,
                            0,
                            [
                              146,
                              389,
                              479
                            ],
                            [
                              146,
                              389,
                              479
                            ],
                            0,
                            0,
                            0,
                            0,
                            0,
                            1764612592,
                            0,
                            [
                              1776075853,
                              2077107,
                              2000000,
                              25
                            ],
                            0,
                            0,
                            [
                              0,
                              0,
                              0,
                              [
                                0
                              ],
                              null,
                              ""
                            ],
                            0,
                            0,
                            0,
                            [
                              0
                            ],
                            [
                              0
                            ],
                            0,
                            0,
                            0,
                            0,
                            false,
                            0,
                            null
                          ]
                        ]
                      ]
                    ]
                  ]
                ]
              ]
            ]
          ]
        ]
      ]
    ]
  ]
]
